2
20
16
8
7
12
19
2
0
1
3
0
20
13
16
8
19
8
0
14
9
20
3
8
5
5
4
12
5
16
3
17
9
7
1
4
14
8
2
18
11
11
3
20
7
8
0
6
10
15
0
19
10
6
2
12
13
0
10
0
15
2
15
3
14
0
16
5
15
7
6
4
9
15
5
14
13
18
19
9
2
9
9
20
7
0
1
10
12
3
10
6
12
2
15
11
9
6
18
7
11
7
20
19
3
18
16
0
5
15
7
13
16
16
3
11
11
6
6
18
1
18
20
19
0
0
17
14
19
13
7
8
18
7
18
15
10
8
14
3
2
18
18
4
20
8
3
9
1
10
16
4
1
3
3
11
10
3
0
12
19
6
8
1
13
16
1
6
20
11
5
0
14
4
3
15
2
17
0
5
9
18
8
6
3
10
16
10
6
8
18
0
0
12
7
0
11
16
9
8
14
11
16
9
1
1
14
13
3
16
20
6
8
7
4
10
13
4
11
3
0
3
16
4
13
6
15
8
12
4
8
13
18
4
11
8
16
14
7
20
17
20
10
1
7
0
1
3
14
18
14
1
0
5
10
16
3
14
15
9
5
20
15
14
12
17
12
13
1
13
12
8
3
9
10
3
14
8
13
15
17
19
16
15
3
5
20
0
5
18
17
9
9
1
19
14
13
16
2
16
2
12
11
19
16
5
5
12
17
2
8
0
11
5
14
3
9
8
6
12
12
5
13
7
12
14
9
5
0
9
15
5
17
16
12
15
8
6
15
20
3
1
10
5
20
0
14
19
15
13
11
3
19
14
15
4
17
4
5
16
4
17
13
5
13
6
6
18
5
15
16
17
12
19
18
11
9
13
18
10
8
4
13
16
2
8
12
6
0
14
16
13
0
14
17
18
0
13
5
2
5
0
2
18
19
10
12
11
15
15
4
15
14
15
8
3
20
0
19
3
10
19
13
3
7
8
3
12
8
1
7
8
5
0
11
4
18
3
11
13
14
16
19
14
9
8
18
20
5
3
13
2
8
3
7
19
16
11
3
11
11
9
1
11
8
0
9
8
8
3
5
4
16
2
4
15
18
4
16
20
13
19
11
1
4
20
18
0
16
15
19
0
4
15
17
3
5
11
10
0